005930
000660
005935
402340
005380
373220
009150
034020
028260
329180
207940
000270
012450
032830
105560
012330
006400
055550
267260
068270
006800
034730
010120
005490
042660
066570
298040
035420
086790
042700
010130
009540
051910
010140
000150
000810
015760
316140
064350
017670
267250
096770
003670
272210
011200
035720
033780
079550
011070
003550
138040
086280
006260
024110
307950
000720
047810
278470
277810
030200
018260
071050
259960
010950
047050
0126Z0
047040
001440
005940
016360
323410
005830
003230
039490
352820
443060
028050
007660
005387
003490
950160
000880
000250
062040
064400
267270
161390
454910
326030
009830
180640
000990
090430
078930
353200
032640
028300
034220
000100
377300
021240
066970
241560
000500
298380
005385
010060
004020
082740
029780
087010
036570
128940
052690
336260
103590
271560
138930
088980
011790
022100
018880
001040
440110
088350
175330
004170
002380
214370
310210
450080
023530
108490
178320
319400
051900
111770
012510
014680
004800
489790
011780
011170
010170
100790
036460
251270
035250
017800
097950
001450
067310
080220
031210
302440
028670
020150
383220
375500
001720
226950
005850
457190
032820
139130
005290
007340
483650
043260
204320
139480
347850
058610
001430
006360
012750
009970
004990
084370
439260
071970
00680K
000155
218410
257720
003690
031980
098460
051600
026960
083650
131290
347700
078600
229640
011210
069960
082920
103140
004370
007070
322000
282330
120110
008930
008770
0009K0
018670
000240
095610
279570
112610
030000
005440
068760
161890
081660
009420
140410
097230
030530
027360
192820
000120
085620
323280
007810
476830
017960
023590
060370
002790
031330
089030
099320
298020
189300
077970
437730
001120
462870
005070
395400
361610
101490
001740
003540
290650
001800
006040
003570
420770
006280
096530
475150
039200
445680
069620
032350
020560
295310
090710
232140
003530
030610
417200
195870
475830
294870
038500
073240
491000
007310
004000
036540
281820
089970
066575
012630
051915
034230
085660
458870
093370
490470
192080
065350
006110
397030
181710
281740
033790
082640
003470
032500
204270
415640
000210
439960
100090
006340
388720
003090
300720
127120
161580
000815
000080
089860
009155
124500
388210
160190
003240
330590
007390
466100
052020
456040
033240
185750
083450
090460
280360
000670
005300
033100
048410
009450
456160
126340
057050
365550
298050
115180
005690
248070
071055
356860
499790
056080
192400
094170
137310
451800
376900
00088K
014620
050890
476060
001510
037460
100840
006120
108320
023160
010780
075580
052400
122870
006650
032190
121600
071320
002020
036530
171090
214320
327260
064960
241710
030190
090360
000370
053610
003160
079900
025540
004490
365340
044490
079160
285130
003850
082270
484870
005880
348340
092190
009240
178920
006730
348370
336370
077360
003620
114090
036810
317450
225570
086900
383800
005250
174900
358570
199800
005090
019210
069260
007700
003030
093050
425420
102940
060250
252990
059090
0011T0
399720
001680
016380
001270
005180
089890
336570
014820
001060
112040
389470
249420
053800
011930
033640
000400
033160
328130
002960
368770
253590
102710
002350
293940
001500
00104K
017940
001820
015750
161000
003280
460860
008060
033500
024850
001570
078160
089010
486990
002840
017900
376300
000640
475960
006380
278280
058650
460930
214430
039130
453340
005389
452260
354320
041830
372320
332570
041960
005810
015860
122640
448900
002240
019170
009900
010820
001530
020000
493280
271940
104830
093320
383310
005420
268280
217590
008730
200710
389500
006910
125490
003000
