005930
000660
005935
402340
005380
373220
009150
034020
028260
329180
207940
000270
012450
032830
105560
012330
006400
055550
267260
068270
006800
034730
010120
005490
042660
066570
298040
035420
086790
042700
010130
009540
051910
010140
000150
000810
015760
316140
064350
017670
267250
096770
003670
272210
196170
011200
035720
247540
033780
079550
011070
003550
138040
086280
086520
006260
024110
307950
000720
047810
278470
277810
030200
018260
071050
259960
010950
047050
0126Z0
047040
001440
005940
016360
323410
005830
003230
039490
352820
443060
028050
007660
005387
003490
950160
000880
000250
036930
062040
064400
267270
058470
161390
454910
326030
009830
180640
000990
090430
078930
353200
032640
028300
034220
000100
377300
021240
066970
241560
000500
298380
005385
141080
039030
010060
004020
082740
240810
029780
087010
036570
128940
052690
336260
103590
271560
138930
088980
011790
022100
018880
001040
440110
088350
175330
004170
002380
214370
310210
450080
023530
108490
095340
178320
403870
319400
051900
111770
222800
012510
014680
004800
489790
011780
011170
010170
100790
036460
251270
035250
017800
131970
097950
064760
001450
067310
214450
145020
080220
031210
302440
028670
357780
214150
020150
383220
375500
319660
001720
226950
005850
457190
032820
263750
139130
005290
007340
483650
043260
204320
139480
347850
058610
001430
006360
012750
009970
004990
084370
439260
071970
237690
00680K
000155
218410
257720
003690
031980
098460
051600
026960
083650
131290
347700
078600
229640
011210
069960
082920
103140
004370
007070
322000
282330
120110
008930
008770
0009K0
018670
000240
095610
279570
112610
030000
005440
068760
161890
081660
035900
009420
140410
097230
030530
027360
192820
000120
085620
041510
323280
007810
476830
017960
023590
140860
060370
002790
031330
089030
099320
298020
189300
077970
437730
001120
462870
005070
395400
361610
101490
001740
003540
290650
001800
006040
003570
420770
183300
006280
096530
475150
039200
445680
069620
032350
020560
295310
090710
232140
003530
030610
417200
195870
475830
166090
294870
038500
073240
491000
007310
004000
036540
281820
089970
066575
003380
012630
051915
034230
085660
195940
458870
093370
490470
192080
065350
006110
397030
181710
281740
033790
082640
003470
032500
204270
415640
000210
439960
100090
006340
388720
003090
300720
127120
161580
000815
000080
089860
009155
124500
388210
160190
036830
003240
330590
007390
213420
466100
052020
137400
456040
033240
185750
083450
090460
280360
000670
005300
033100
048410
009450
496320
456160
222080
126340
057050
365550
298050
115180
005690
248070
071055
356860
086450
056190
499790
056080
192400
094170
137310
451800
293490
376900
074600
00088K
014620
050890
476060
035760
001510
037460
100840
006120
108320
023160
010780
075580
052400
122870
046890
006650
253450
032190
121600
071320
002020
036530
171090
214320
327260
064960
241710
030190
090360
000370
053610
003160
079900
025540
004490
365340
044490
079160
285130
003850
082270
484870
005880
348340
092190
009240
178920
006730
348370
336370
077360
003620
114090
036810
317450
009520
225570
086900
383800
005250
174900
358570
199800
005090
019210
069260
007700
003030
093050
425420
102940
060250
252990
059090
0011T0
399720
001680
016380
001270
005180
089890
336570
014820
001060
112040
389470
249420
053800
011930
033640
000400
033160
328130
002960
368770
253590
102710
002350
293940
001500
00104K
017940
001820
348210
015750
161000
003280
460860
008060
033500
272290
024850
001570
078160
089010
486990
002840
017900
376300
000640
475960
006380
278280
058650
460930
214430
039130
453340
005389
452260
354320
041830
372320
332570
041960
005810
015860
122640
067160
448900
002240
019170
009900
010820
001530
020000
493280
271940
104830
093320
383310
005420
268280
217590
008730
200710
389500
006910
125490
003000
393890
003545
045100
031430
003300
025980
060280
101930
452280
284740
009410
016610
290550
042000
001200
041190
018290
078350
035890
014830
377740
425040
099190
488900
130660
094800
064260
110990
230360
069540
211050
468530
006405
092790
034310
078130
000157
381970
448730
330860
005945
036620
317330
251970
084110
004690
119850
025900
107640
034950
168360
030520
000070
002030
187660
144960
027410
340570
138080
403550
145990
287840
0120G0
013030
015360
090435
016590
254490
025320
950210
215200
047920
355150
072710
101160
105840
039440
455900
356680
095660
117730
029530
004710
306200
376270
010690
002710
424870
145720
017810
067630
079370
079940
060980
114810
357120
126720
394280
344820
482630
006220
215600
206650
170920
004700
484590
234340
441270
204620
058430
241770
012030
417310
025860
080580
089590
078020
098070
029460
265520
005610
170900
009160
105630
183190
452430
243070
192650
389650
230240
097520
065680
417840
064820
160980
179900
002810
085910
219130
036890
092870
042370
101730
200880
298830
078520
089980
000650
036170
450950
092220
009290
459510
478340
084010
003800
005720
034830
194370
0001A0
086390
304360
001230
475400
003720
091700
025770
092230
001390
011760
274090
094360
0082N0
378340
241520
091810
389260
220100
0008Z0
228760
002900
092460
104700
108670
018250
099430
084990
046970
001940
042520
078150
448280
078340
084690
200130
126560
007690
036200
016800
462350
069080
180400
017860
024720
073490
026890
012860
144510
308430
02826K
049070
200670
200470
002310
035810
005010
064290
243840
136480
065660
451760
394800
286940
494120
084850
203650
114190
0015G0
046120
272450
236200
001750
199820
061970
900140
064850
418420
318060
001250
018310
091580
053030
194700
033270
011500
128820
314930
043150
445090
352480
418550
151860
017390
092730
000680
338840
041920
088800
123890
108860
014940
474650
051500
058970
389020
215000
112290
037710
000050
004430
054210
003920
036800
096760
035600
060720
093520
023410
419530
217730
054950
100120
006805
001460
049630
005950
394420
365270
290690
416180
051360
475560
002320
003520
000430
472850
037270
003960
004380
095500
334890
382800
043370
138360
023760
000490
004360
094480
488280
900290
067390
272110
456010
211270
267980
294570
357550
321550
432720
309710
092200
134380
101360
003120
051370
115450
019010
241590
005500
307180
182400
402490
190510
000540
034120
003200
005680
098120
008490
136490
035510
088260
251370
000320
099440
226320
322310
001340
439090
232530
017890
012210
361390
0007C0
0088M0
078070
013890
121800
003070
244920
484810
377460
474170
067080
950170
024840
094820
0030R0
044450
052710
054450
092070
053690
001780
464080
018000
005710
045390
487580
122900
004560
001790
011560
206640
209640
007160
382900
030210
036030
004310
084680
255220
126600
001130
125020
461300
432320
083310
138610
012200
314130
053300
126700
004980
484120
481070
061090
108380
199430
377190
064550
304100
353810
033530
372170
068930
033920
001630
034810
348950
013120
214180
035150
009680
012610
025000
388050
405100
210980
404990
010580
003555
086820
011690
000480
008350
176750
051905
009470
042600
122990
036710
117580
005430
102120
010955
237880
264850
298690
226590
402030
024060
256840
417010
052330
123860
095570
003350
013580
071200
003220
457550
194480
487570
270660
058820
03473K
119610
102460
053210
462860
028100
159010
950140
452450
000390
003650
102260
380550
007860
039840
065710
308080
293580
216080
036560
339770
001080
016580
140670
260970
232680
039860
380540
285490
458650
083930
271980
002150
039570
125210
121440
446540
264450
003547
412350
000140
221800
260870
371950
118990
041020
445180
079960
104480
146320
147830
489500
095700
163730
044820
031440
101170
000860
0011A0
166480
036190
025820
323350
403850
187790
100250
080160
032620
016880
003610
234080
321370
357880
396270
293780
039560
060150
187870
073010
016790
377450
192440
289930
007570
002100
234690
001045
299030
059120
143160
003460
101530
289080
066620
473980
259630
018470
081000
460850
203400
101970
040160
220260
015230
264660
267320
037030
123410
004090
047310
051980
017510
282880
396300
011785
140610
024800
119830
115310
095190
092130
000520
097955
006060
293480
0004V0
179290
038390
002170
007330
474610
016450
000300
046440
086980
143240
123330
054800
005960
462520
213500
204610
000020
039830
469610
400760
297890
037560
071840
003480
007610
106190
307750
054920
297090
053080
049430
011040
023910
115500
452190
056090
357580
037070
475230
042420
090350
340450
149950
017550
083500
082800
048870
240550
008970
013990
049960
322180
158430
950250
002780
009070
002990
005160
008830
317400
068790
214420
290740
408920
077500
222040
086890
066410
046070
114840
001360
013520
003100
223250
037350
172670
001520
00279K
003830
212560
088130
334970
004960
066430
365330
242040
000970
093190
210540
272550
086670
069510
067280
072870
453450
038290
217270
108230
002230
032940
333430
041440
000700
021080
023600
338220
041520
148150
129920
192410
062970
009580
014280
047820
300080
142210
027710
015890
004970
004150
093640
298000
084670
067990
078890
136540
323990
010100
105330
217820
094280
217950
235980
417500
089470
008040
047560
214390
019180
016740
225190
381620
115440
040300
282720
049720
032580
33626K
126730
052420
336680
002620
063570
054540
013310
024090
215100
079430
012800
107600
080420
005990
007540
070960
053700
021820
015590
078000
012320
027970
307930
250060
001540
123040
071280
366030
107590
085670
009270
049080
322510
388790
005860
263860
086960
021320
214680
234030
020120
011280
002460
156100
049950
263720
089600
005800
0007J0
269620
255440
065450
006620
122450
456070
141000
182360
016710
090850
131030
475580
331920
004080
350520
014710
267290
396470
045970
004250
123690
310200
083420
389030
067900
205100
360070
002390
001290
025560
339950
256940
076610
025620
042510
011700
036690
033340
014580
014530
104460
262260
009780
052260
306620
038110
002220
109610
417970
038540
100590
109740
002450
035000
029480
139990
047770
408470
054050
025950
464490
330730
092040
067830
096250
013570
382840
001020
073560
089230
149980
036010
059270
413630
443670
309960
067000
120030
035080
226400
493330
023800
007210
131370
049520
136150
248170
317770
227840
0015S0
363280
228670
100130
072950
311320
051160
004590
066310
041590
018120
950130
023900
034590
039980
357230
091120
331740
246710
000440
086710
036220
044990
217330
052860
004140
032300
014160
267850
096240
225530
042500
212710
063170
117670
090470
048770
079810
078140
100700
036580
014790
228850
337930
265740
273640
011810
041930
059210
101330
205470
298540
253840
094840
290720
476040
024880
460940
058850
095720
023450
036630
039340
074430
432470
033290
424960
006840
053260
317830
007110
099750
088390
389140
451220
264900
055490
003310
008260
052900
251630
005870
370090
019550
101670
009300
294630
053580
229500
463020
054620
352090
382480
063080
064800
040910
251120
032560
330350
205500
078935
377480
007820
066700
036420
163560
001275
119650
37550L
489460
019680
005740
004100
